 x0 = [+2.34, -2.74, +1.58, +1.95, +0.50, -0.40, -0.30, +0.60, 0.55, 0.14, 0.74, 0.37, 0.28, 0.75, 0.85,0.89];
 x = fminunc(@call_fx_m, x0);
 x

% options = optimoptions(@fminunc,'Display','iter','Algorithm','trust-region');
%gr = [+0.00, +0.00, +0.00, +0.00, +0.00, +0.00, +0.00, +0.00, +0.00, +0.00, +0.00, +0.00, +0.00, +0.00, +0.00, +0.00];